%YAML:1.0
---
# predict
Q00: 0.1
Q11: 300
Q22: 1000
Q33: 300
Q44: 0.01
# measure
R00: 1
R11: 1
R22: 800

DEBUG: 1
DEAD_BUFFER: 20
