<?xml version="1.0" encoding="utf-8"?>
<opencv_storage>
   <camera_matrix type_id="opencv-matrix">
      <rows>3</rows>
      <cols>3</cols>
      <dt>d</dt>
      <data>1218.3602012175347227 0.0000000000000000 485.2448867976406746 
0.0000000000000000 1197.5559193937840519 385.9998308891910028 
0.0000000000000000 0.0000000000000000 1.0000000000000000 
</data>
   </camera_matrix>
   <distortion_coefficients type_id="opencv-matrix">
      <rows>5</rows>
      <cols>1</cols>
      <dt>d</dt>
      <data>-0.2416038525773583 -0.1841104749930153 0.0000000000000000 0.0000000000000000 0.0000000000000000 </data>
   </distortion_coefficients>
</opencv_storage>