<?xml version="1.0" encoding="utf-8"?>
<opencv_storage>
   <camera_matrix type_id="opencv-matrix">
      <rows>3</rows>
      <cols>3</cols>
      <dt>d</dt>
      <data>1722.6419830141674083 0.0000000000000000 489.4222872677452756 
0.0000000000000000 1728.8196993144742919 356.0206341078450691 
0.0000000000000000 0.0000000000000000 1.0000000000000000 
</data>
   </camera_matrix>
   <distortion_coefficients type_id="opencv-matrix">
      <rows>5</rows>
      <cols>1</cols>
      <dt>d</dt>
      <data>-0.0759252747163318 -0.4180192603655560 0.0000000000000000 0.0000000000000000 0.0000000000000000 </data>
   </distortion_coefficients>
</opencv_storage>